33
50

1 八角楼 学校标志性建筑，外形呈八角，常用于学术讲座、会议和学生活动
2 办公楼 学校各行政部门与学院办公室的集中办公场所
3 实验楼 各类专业实验室、机房及实验教学中心所在地
4 教学楼 主要的日常授课、自习与考试场所，分为多栋相连楼群
5 学术交流中心 承担国内外学术会议、专家接待服务
6 图书馆 馆藏丰富，设有阅览区、自习区和研讨空间，学习氛围浓厚
7 大会堂 大型集会、文艺演出和典礼仪式专用礼堂
8 艺术楼 艺术学院教学、创作与排练、演出的专用楼宇
9 学术报告厅 中小型学术报告、讲座和答辩的常用场地
10 体育馆 室内综合运动场馆，可进行篮球、羽毛球、乒乓球等活动
11 体育场 标准田径场和足球场，日常体育课及训练主要户外场地
12 隧道口 连接生活区与教学区的地下通道出入口，便于穿行中环路
13 第一饭堂 靠近教学区的主要食堂，一楼菜品不太好吃
14 后勤楼 后勤保障、维修、水电卡务等综合服务办公点
15 门诊楼 校内社区卫生服务中心，提供基本医疗和医保服务
16 第二饭堂 靠近宿舍生活区的食堂，花样菜品比较多
17 又康超市 校内小型超市，供应日用品、零食和基本生活物资，部分商品售价有点坑
18 宿舍 学生集中居住区，多为四人间公寓，配有门禁和公共设施
19 第三饭堂 新近改建的生活区食堂，二楼不错
20 中心湖公园 大学城中心湖区绿地，紧邻校区，适合散步、跑步和休憩
21 中心体育场 位于校区中心区域的大型户外运动场，常用于大型活动和演唱会
22 gogo新天地 邻近校外的综合性商业广场，集餐饮、购物、娱乐于一体
23 一号门 校区早期开设的次要出入口，连通中环路和生活区
24 二号门 靠近生活区和公交站的主要人行出入口之一
25 三号门 通往贝岗村和商业区的便捷校门，人流量大，闸机识别常出问题
26 四号门 连接外环东路，出入较为安静的机动车辆通道
27 A座门 教学楼或办公区A座的专门入口，便于分流与识别
28 行政出入口 行政楼及服务大厅的专用进出通道
29 主校门 明德尚行，学贯中西——广外
30 北校区 坐落于白云山脚下，空气清新风景优美，可通过大学城专线3或广外校内班车直达
31 白云山 广州名山，路线较缓，风景优美植被丰富，常有小猫咪出没，学生门票仅需2.5元，散步好去处
32 安华汇 大型商场，在永泰街旁边，有迪卡侬等连锁品牌，还有亚洲第一飞梯
33 万达广场 大型商场，靠近白云大会堂，有沃尔玛和各种餐饮品牌，吃饭好去处



1 2 80
1 4 350
1 5 30
2 3 270
2 10 600
3 4 200
3 9 150
4 6 400
4 12 200
5 28 50
6 7 80
6 9 150
6 11 200
7 8 20
7 9 150
7 10 420
8 9 150
8 10 500
8 29 100
9 29 100
10 11 400
11 27 600
12 13 60
12 16 20
12 17 220
12 27 50
13 14 50
13 23 30
14 15 20
16 24 80
17 18 210
17 19 200
17 24 100
17 26 50
19 25 10
20 21 200
20 24 900
20 25 600
21 24 1000
21 25 600
22 25 800
22 26 400
23 27 1000
24 25 500
24 28 500
28 29 800
30 31 100
30 32 2000
30 33 4800
32 33 7200











